gray-value:
[167, 148, 159, 149, 162, 155, 153, 146, 153, 152, 157, 164, 162, 166, 169, 169, 161, 166, 152, 170, 150, 184, 179, 168, 178, 175, 166, 182, 170, 181, 158, 180, 165, 168, 177, 178, 187, 180, 159, 184, 171, 170, 178, 180, 165, 173, 171, 182, 186, 187, 177, 175, 188, 181, 188, 183, 175, 175, 179, 194, 191, 188, 197, 183, 189, 198, 180, 185, 185, 182, 184, 182, 200, 178, 182, 173, 167, 181, 188, 175, 186, 175, 186, 167, 157, 186, 174, 180, 168, 168, 170, 176, 180, 169, 183, 170, 179, 163, 173, 171, 160, 173, 167, 171, 168, 148, 154, 147, 148, 184, 148, 154, 158, 161, 152, 166, 158, 146, 164, 148, 154, 163, 152, 149, 154, 155, 145, 154;
  160, 147, 155, 170, 159, 169, 145, 154, 167, 144, 173, 169, 153, 174, 172, 166, 155, 153, 139, 166, 171, 160, 178, 166, 171, 183, 170, 157, 160, 168, 170, 181, 173, 169, 156, 182, 167, 179, 174, 176, 180, 184, 170, 174, 183, 196, 182, 193, 186, 178, 181, 181, 175, 182, 192, 181, 182, 191, 191, 186, 182, 188, 177, 175, 196, 185, 178, 184, 201, 191, 185, 185, 189, 181, 177, 177, 184, 164, 180, 187, 164, 179, 179, 176, 178, 175, 173, 170, 178, 185, 177, 158, 174, 190, 160, 177, 159, 161, 158, 160, 171, 175, 154, 174, 164, 161, 154, 168, 188, 167, 173, 162, 166, 166, 143, 143, 153, 172, 160, 146, 137, 147, 145, 152, 155, 162, 144, 163;
  157, 157, 153, 145, 150, 148, 152, 155, 165, 167, 168, 159, 153, 163, 171, 165, 155, 160, 172, 165, 162, 161, 170, 160, 173, 163, 158, 171, 158, 176, 169, 168, 173, 171, 180, 165, 177, 188, 167, 177, 168, 175, 195, 166, 183, 176, 202, 173, 188, 185, 178, 185, 182, 178, 182, 170, 183, 175, 181, 186, 189, 196, 180, 196, 178, 183, 191, 194, 161, 195, 184, 187, 182, 190, 195, 194, 189, 176, 181, 194, 173, 186, 185, 173, 173, 182, 155, 173, 168, 180, 174, 160, 152, 176, 162, 172, 173, 167, 170, 169, 172, 172, 176, 162, 165, 190, 174, 172, 156, 150, 160, 169, 153, 157, 149, 160, 143, 161, 158, 155, 154, 151, 139, 156, 157, 140, 153, 159;
  147, 157, 150, 151, 149, 149, 152, 153, 160, 166, 164, 155, 170, 165, 170, 172, 165, 173, 154, 178, 175, 181, 184, 182, 180, 179, 183, 170, 168, 180, 175, 172, 171, 179, 178, 184, 187, 179, 171, 189, 185, 181, 178, 182, 180, 179, 178, 180, 204, 189, 188, 192, 180, 199, 191, 189, 195, 197, 191, 183, 185, 201, 180, 186, 183, 187, 195, 179, 182, 181, 181, 175, 179, 171, 191, 190, 191, 187, 192, 180, 161, 182, 185, 171, 177, 177, 157, 177, 168, 163, 174, 182, 163, 152, 176, 169, 168, 156, 171, 162, 157, 148, 169, 167, 155, 154, 164, 167, 176, 165, 154, 160, 149, 159, 161, 160, 158, 154, 165, 161, 143, 161, 155, 165, 153, 145, 159, 149;
  165, 161, 167, 148, 161, 152, 164, 163, 165, 172, 146, 165, 147, 163, 162, 166, 167, 168, 178, 164, 174, 170, 174, 182, 183, 169, 178, 173, 170, 147, 174, 179, 166, 185, 183, 166, 177, 159, 166, 183, 181, 178, 183, 182, 183, 191, 164, 180, 181, 187, 178, 177, 178, 198, 189, 166, 174, 181, 189, 188, 173, 186, 188, 179, 178, 182, 203, 172, 184, 195, 193, 180, 185, 180, 175, 193, 189, 162, 173, 184, 184, 174, 173, 157, 188, 164, 181, 166, 172, 176, 171, 180, 177, 163, 178, 171, 165, 163, 168, 170, 158, 171, 169, 174, 167, 184, 166, 160, 157, 152, 158, 167, 146, 151, 163, 163, 150, 151, 145, 147, 145, 148, 168, 152, 149, 146, 148, 145;
  149, 137, 145, 150, 154, 170, 161, 159, 143, 165, 164, 157, 171, 173, 158, 166, 166, 168, 170, 152, 162, 176, 167, 160, 171, 161, 166, 156, 170, 175, 164, 169, 166, 176, 178, 169, 178, 168, 178, 173, 174, 177, 177, 183, 178, 173, 180, 188, 180, 184, 175, 179, 176, 184, 185, 180, 164, 190, 199, 175, 185, 199, 194, 201, 175, 201, 187, 192, 189, 170, 181, 186, 171, 190, 170, 183, 202, 174, 176, 172, 179, 187, 175, 187, 194, 180, 170, 181, 180, 165, 159, 162, 171, 167, 171, 174, 166, 179, 164, 173, 168, 173, 174, 173, 157, 169, 161, 162, 168, 164, 165, 163, 146, 169, 164, 150, 142, 148, 149, 165, 165, 163, 150, 160, 154, 144, 154, 146;
  170, 162, 173, 159, 166, 164, 169, 164, 157, 162, 170, 155, 156, 158, 168, 168, 155, 172, 176, 176, 167, 168, 171, 162, 173, 173, 168, 175, 179, 177, 173, 182, 153, 185, 167, 178, 180, 171, 171, 168, 187, 169, 179, 167, 169, 195, 174, 188, 187, 198, 194, 193, 187, 197, 186, 182, 181, 180, 186, 210, 200, 173, 211, 179, 178, 180, 178, 204, 197, 201, 184, 194, 187, 173, 192, 190, 186, 189, 189, 194, 186, 181, 176, 179, 185, 170, 173, 189, 186, 176, 178, 170, 179, 169, 160, 165, 174, 169, 165, 165, 160, 176, 172, 160, 163, 167, 165, 170, 164, 159, 161, 149, 165, 157, 158, 159, 150, 153, 171, 149, 150, 150, 165, 156, 142, 159, 154, 153;
  158, 181, 156, 162, 154, 155, 157, 173, 154, 174, 168, 182, 156, 161, 165, 166, 169, 171, 156, 171, 158, 176, 175, 161, 170, 170, 181, 167, 174, 176, 172, 172, 187, 161, 172, 193, 185, 171, 173, 178, 168, 180, 169, 173, 191, 172, 186, 173, 171, 191, 191, 188, 184, 188, 183, 183, 171, 172, 174, 193, 195, 175, 195, 172, 187, 184, 180, 193, 191, 183, 182, 192, 183, 183, 178, 173, 187, 179, 183, 173, 173, 187, 181, 181, 164, 173, 171, 154, 168, 163, 170, 162, 169, 184, 161, 175, 163, 165, 183, 161, 156, 171, 175, 161, 181, 171, 153, 171, 155, 165, 170, 168, 157, 152, 166, 163, 164, 167, 167, 159, 156, 142, 153, 166, 155, 159, 151, 148;
  142, 154, 146, 151, 156, 171, 162, 160, 151, 167, 163, 166, 168, 165, 159, 164, 179, 170, 172, 168, 153, 155, 161, 186, 154, 189, 180, 181, 175, 158, 167, 162, 173, 187, 173, 183, 181, 169, 178, 175, 191, 175, 174, 177, 189, 170, 173, 167, 176, 196, 179, 183, 180, 196, 182, 189, 173, 184, 172, 201, 188, 193, 177, 196, 186, 193, 182, 180, 199, 170, 186, 182, 171, 167, 180, 182, 178, 179, 171, 181, 182, 182, 169, 178, 177, 185, 178, 182, 173, 157, 154, 182, 161, 161, 150, 161, 169, 160, 165, 188, 163, 168, 164, 169, 168, 161, 166, 164, 171, 159, 151, 154, 168, 144, 168, 161, 170, 172, 166, 156, 148, 158, 159, 149, 161, 141, 170, 161;
  164, 155, 158, 148, 138, 156, 154, 166, 166, 158, 160, 160, 156, 159, 165, 173, 163, 171, 161, 168, 158, 166, 176, 180, 175, 167, 160, 177, 162, 177, 160, 165, 165, 179, 180, 195, 186, 176, 182, 178, 167, 185, 187, 180, 188, 183, 195, 178, 192, 185, 188, 188, 183, 182, 186, 183, 212, 192, 186, 188, 189, 189, 182, 203, 176, 174, 185, 189, 184, 187, 185, 172, 182, 181, 181, 186, 180, 178, 181, 182, 185, 175, 171, 183, 174, 166, 163, 170, 169, 171, 161, 166, 179, 180, 168, 175, 168, 169, 168, 171, 166, 169, 173, 192, 168, 158, 149, 162, 158, 166, 158, 151, 167, 170, 162, 149, 153, 149, 139, 150, 152, 157, 151, 148, 157, 168, 165, 145;
  155, 147, 153, 157, 138, 160, 157, 164, 150, 164, 158, 158, 170, 163, 153, 163, 158, 168, 170, 170, 170, 178, 158, 161, 167, 176, 181, 183, 184, 184, 180, 185, 173, 169, 170, 178, 162, 164, 188, 187, 179, 181, 163, 184, 184, 182, 182, 178, 169, 174, 180, 195, 198, 189, 186, 170, 189, 183, 185, 189, 189, 177, 182, 172, 173, 178, 179, 187, 184, 201, 171, 182, 189, 178, 189, 184, 175, 172, 177, 179, 160, 175, 159, 158, 185, 162, 169, 182, 183, 179, 159, 177, 161, 176, 170, 175, 170, 175, 163, 175, 167, 157, 172, 155, 160, 170, 167, 166, 166, 167, 160, 161, 155, 173, 181, 152, 148, 153, 150, 147, 154, 167, 166, 151, 167, 152, 149, 142;
  151, 144, 158, 152, 155, 164, 155, 160, 158, 163, 171, 166, 163, 147, 167, 163, 146, 174, 173, 174, 162, 179, 174, 153, 166, 170, 173, 159, 169, 175, 163, 164, 171, 166, 180, 171, 175, 172, 184, 169, 178, 179, 188, 178, 172, 190, 173, 182, 167, 172, 178, 184, 190, 188, 186, 186, 186, 186, 199, 189, 171, 172, 177, 186, 190, 180, 186, 186, 196, 184, 180, 177, 200, 178, 183, 179, 178, 180, 171, 173, 183, 166, 180, 164, 175, 173, 188, 169, 158, 184, 176, 184, 169, 183, 157, 170, 172, 180, 176, 166, 177, 173, 175, 175, 166, 159, 174, 166, 160, 161, 153, 160, 152, 145, 160, 149, 164, 155, 154, 148, 156, 152, 164, 153, 156, 155, 157, 173;
  160, 163, 147, 147, 159, 162, 159, 152, 164, 165, 163, 170, 171, 161, 161, 175, 172, 159, 179, 177, 167, 148, 170, 170, 172, 174, 170, 176, 181, 169, 170, 186, 183, 188, 181, 188, 174, 170, 177, 184, 168, 175, 176, 172, 168, 188, 184, 183, 170, 183, 182, 186, 175, 177, 185, 198, 181, 181, 165, 186, 185, 185, 195, 183, 203, 175, 197, 176, 203, 184, 200, 192, 203, 186, 180, 177, 191, 183, 179, 178, 182, 175, 182, 176, 175, 175, 173, 178, 182, 168, 159, 179, 172, 161, 164, 164, 171, 158, 165, 159, 173, 182, 169, 160, 160, 168, 157, 165, 169, 166, 165, 157, 136, 166, 165, 155, 147, 168, 168, 150, 141, 156, 156, 152, 144, 145, 154, 149;
  158, 146, 160, 160, 169, 168, 152, 150, 168, 162, 166, 152, 185, 171, 156, 161, 157, 168, 169, 172, 171, 161, 171, 179, 164, 180, 175, 170, 175, 192, 167, 174, 171, 172, 163, 172, 167, 156, 174, 164, 173, 177, 194, 175, 163, 183, 181, 172, 189, 188, 174, 186, 178, 197, 180, 195, 191, 194, 178, 171, 192, 195, 205, 183, 192, 178, 185, 181, 197, 191, 201, 193, 182, 191, 174, 176, 184, 191, 180, 186, 171, 184, 177, 189, 166, 179, 175, 173, 173, 173, 159, 177, 175, 174, 161, 150, 173, 167, 169, 174, 167, 155, 160, 159, 174, 173, 160, 167, 150, 169, 160, 167, 169, 161, 144, 154, 155, 159, 157, 156, 155, 155, 135, 147, 149, 150, 145, 163;
  158, 174, 161, 153, 170, 174, 171, 164, 165, 170, 156, 165, 152, 173, 166, 172, 173, 145, 163, 159, 150, 179, 168, 173, 170, 178, 170, 173, 178, 171, 169, 170, 170, 168, 171, 168, 174, 162, 177, 168, 187, 171, 159, 187, 171, 185, 165, 180, 165, 183, 195, 176, 173, 187, 189, 179, 196, 172, 171, 180, 182, 171, 189, 193, 181, 166, 179, 170, 180, 182, 191, 175, 189, 189, 197, 182, 186, 161, 179, 168, 186, 195, 191, 182, 167, 170, 169, 175, 185, 177, 167, 173, 160, 166, 169, 180, 158, 181, 170, 166, 167, 161, 179, 176, 160, 174, 160, 178, 165, 152, 158, 149, 163, 165, 154, 168, 175, 159, 151, 167, 161, 160, 166, 144, 152, 148, 157, 155;
  159, 158, 142, 141, 155, 145, 151, 165, 180, 161, 167, 166, 164, 165, 172, 166, 181, 166, 171, 174, 160, 174, 170, 156, 164, 183, 175, 180, 177, 165, 178, 182, 164, 177, 177, 171, 163, 184, 184, 177, 164, 169, 188, 182, 178, 169, 168, 173, 184, 183, 186, 186, 186, 182, 179, 189, 196, 179, 186, 179, 197, 192, 196, 185, 187, 191, 181, 184, 187, 186, 194, 176, 187, 182, 167, 189, 193, 160, 194, 179, 190, 184, 182, 177, 176, 170, 176, 169, 179, 185, 171, 167, 178, 178, 158, 175, 169, 169, 176, 169, 179, 165, 169, 166, 165, 175, 175, 159, 162, 173, 177, 150, 142, 158, 165, 154, 158, 157, 145, 159, 162, 156, 156, 159, 170, 153, 160, 160;
